[[<home team form> <home team home form> <home team goals for> <home team goals against> <home team shots for> <home team shots against> 
<away team form> <away team away form> <away team goals for> <away team goals against> <away team shots for> <away team shots against>

history = 100
discount rate = 1/(ln(history_n) + 1)

[[ 0.04118903  0.3256046   0.27605069 -0.33261999  0.16169729 -0.08524405
   0.02310623 -0.03326028 -0.56763674  0.73001085 -0.08617187  0.00380163]
 [ 0.19675629 -0.08226225 -0.3409562   0.00777112 -0.03551821  0.01712116
   0.0896207  -0.23213786 -0.00686476 -0.16284685  0.03629531  0.00635992]
 [-0.23794531 -0.24334235  0.06490551  0.32484887 -0.12617908  0.06812289
  -0.11272694  0.26539814  0.5745015  -0.56716401  0.04987657 -0.01016156]]

history = 50

[[-0.00653905  0.05634692  0.08718877 -0.08946238  0.04149615 -0.01977312
   0.06397833 -0.02228528 -0.15609306  0.18710565 -0.00137068 -0.01249277]
 [ 0.0760113  -0.01116503 -0.10979602  0.04085727 -0.00524829  0.00348328
  -0.05321832 -0.02451757  0.03022255 -0.05729572 -0.00428135  0.00605741]
 [-0.06947225 -0.04518189  0.02260725  0.04860511 -0.03624786  0.01628984
  -0.01076002  0.04680285  0.12587051 -0.12980993  0.00565202  0.00643536]]

history = 50
discount rate = 1/(ln(history_n) + 1)

[[ 0.08750737  0.21094898  0.23251939 -0.2147837   0.14930386 -0.07367097
  -0.00813784 -0.17354896 -0.42015611  0.49757335 -0.02664499 -0.05611453]
 [ 0.04373461 -0.06329724 -0.17671944 -0.04453784 -0.03065515  0.02652938
   0.03882141 -0.0838985  -0.02751326 -0.03986051  0.02191882  0.01072547]
 [-0.13124198 -0.14765174 -0.05579995  0.25932153 -0.11864871  0.04714159
  -0.03068357  0.25744746  0.44766937 -0.45771283  0.00472617  0.04538906]]

history = 50
discount rate = 1/(log10(history_n) + 1)

[[-0.07531551  0.104679    0.29339499 -0.24687291  0.07520534 -0.03810032
   0.1400573  -0.09220355 -0.37734227  0.35454746  0.0368309  -0.04860895]
 [ 0.13810273 -0.02193525 -0.19482441  0.06457672 -0.00935154  0.01564278
  -0.01931122 -0.03719804  0.01799363 -0.03036294 -0.02438658  0.01675488]
 [-0.06278722 -0.08274375 -0.09857058  0.18229619 -0.0658538   0.02245754
  -0.12074608  0.12940159  0.35934864 -0.32418452 -0.01244432  0.03185408]]

history = 20

[[-0.07876976  0.08093247  0.11416937 -0.11235724  0.02750205 -0.01943718
  -0.02478587 -0.06336256 -0.08541221  0.09601754  0.00215899 -0.00382294]
 [ 0.06896499 -0.025751   -0.07015011  0.03047794 -0.00771638  0.00242228
   0.00115971  0.00926396 -0.02089819 -0.03080729 -0.00270753  0.00656591]
 [ 0.00980477 -0.05518147 -0.04401926  0.0818793  -0.01978566  0.0170149
   0.02362616  0.0540986   0.1063104  -0.06521025  0.00054854 -0.00274297]]

history = 20
discount rate = 1/(ln(history_n) + 1)

[[-0.09848699  0.20704551  0.26628106 -0.21592172  0.07340061 -0.05345162
  -0.05544105 -0.14919631 -0.19470938  0.24767258 -0.00881026 -0.004947  ]
 [ 0.17826452 -0.03021057 -0.20195062  0.1049842  -0.01292361  0.01234279
   0.05165523 -0.01638212 -0.05893443 -0.02259825  0.0010115  -0.00253954]
 [-0.07977753 -0.17683495 -0.06433044  0.11093752 -0.06047699  0.04110883
   0.00378582  0.16557843  0.2536438  -0.22507432  0.00779875  0.00748655]]

history = 10

[[-0.04508703  0.05203896  0.09410537 -0.08376632  0.02154173 -0.01550161
  -0.01659138 -0.06164343 -0.06136134  0.05797504  0.00303398 -0.00405756]
 [ 0.03314201 -0.00929844 -0.04863531  0.01685102 -0.00434619  0.00029096
   0.01943407 -0.00084507 -0.01694439 -0.02099427 -0.00158844  0.00231554]
 [ 0.01194501 -0.04274052 -0.04547006  0.06691529 -0.01719554  0.01521065
  -0.00284269  0.06248849  0.07830574 -0.03698077 -0.00144554  0.00174202]]

history = 5

[[-0.0359249   0.05492039  0.05241556 -0.05225324  0.01770075 -0.0161215
  -0.01859178 -0.04782894 -0.04886041  0.03274433  0.00627169 -0.00147964]
 [ 0.01515351 -0.00876457 -0.01874062  0.0122459  -0.004891    0.00087967
   0.01567724  0.00521986 -0.011193   -0.00215267  0.00064032  0.00012741]
 [ 0.02077139 -0.04615582 -0.03367494  0.04000734 -0.01280976  0.01524183
   0.00291454  0.04260908  0.06005341 -0.03059167 -0.00691201  0.00135223]]

history = 1

[[ -6.62414502e-03   1.83427188e-02   1.32918021e-02  -9.66356378e-03
    7.48240352e-03  -4.15249402e-03  -9.60563200e-04  -1.82205946e-02
   -1.30856038e-02   1.08321390e-02   4.95120494e-03  -2.06373503e-03]
 [  7.56734626e-03  -4.81990232e-03  -3.62510059e-03   1.88797826e-03
   -3.70068981e-03   2.82988717e-05   3.45237822e-03   6.44652114e-04
   -2.52162628e-03   1.66955966e-04  -2.48304645e-04   2.35086454e-04]
 [ -9.43201242e-04  -1.35228165e-02  -9.66670156e-03   7.77558551e-03
   -3.78171371e-03   4.12419514e-03  -2.49181502e-03   1.75759425e-02
    1.56072301e-02  -1.09990950e-02  -4.70290030e-03   1.82864858e-03]]

